20
0   29  20  21  16  31  100 12  4   31  18  3   5   6   4   12  6   8   10  7
32  0   15  17  28  8   9   6   16  26  10  21  4   12  21  16  7   27  8   10
20  15  0   28  12  4   5   24  23  7   8   6   25  17  8   14  10  10  9   12
21  17  28  0   7   20  21  12  7   10  11  13  2   12  25  11  10  17  5   14
16  28  12  7   0   5   8   16  13  10  12  8   10  5   15  5   15  19  12  21
31  8   4   20  5   0   2   8   15  10  10  4   18  23  8   14  14  14  8   10
100 9   5   21  8   2   0   7   25  8   16  7   12  5   21  25  13  19  19  18
12  6   24  12  16  8   7   0   4   7   7   10  14  10  8   16  17  11  13  12
4   16  23  7   13  15  25  4   0   16  18  15  12  13  22  18  23  18  10  19
31  26  7   10  10  10  8   7   16  0   10  28  8   12  14  6   10  16  13  15
18  10  8   11  12  10  16  7   18  10  0   27  19  18  13  16  11  12  10  15
3   21  6   13  5   6   7   10  15  28  27  0   12  5   9   10  6   15  13  9
5   4   25  2   10  18  12  14  12  8   19  12  0   7   21  6   9   12  7   5
6   12  17  12  5   23  5   10  13  12  18  5   7   0   15  8   18  10  16  8
4   21  8   25  15  8   21  8   22  14  13  9   21  15  0   11  14  8   7   5
12  16  14  11  5   14  25  16  18  6   16  10  6   8   11  0   8   13  8   14
6   7   10  10  15  14  13  17  23  10  11  6   9   18  14  8   0   11  10  15
8   27  10  17  19  14  19  11  18  16  12  15  12  10  8   13  11  0   17  12
10  8   9   5   12  8   19  13  10  13  10  13  7   16  7   8   10  17  0   8
7   10  12  14  21  10  19  12  19  15  15  9   5   8   5   14  15  12  8   0
EOF